{
 "cells": [
  {
   "cell_type": "code",
   "execution_count": 1,
   "id": "34c7a982",
   "metadata": {},
   "outputs": [],
   "source": [
    "import pandas as pd\n",
    "import numpy as np\n",
    "import seaborn as sns\n",
    "import matplotlib.pyplot as plt"
   ]
  },
  {
   "cell_type": "code",
   "execution_count": 2,
   "id": "afb27ecb",
   "metadata": {},
   "outputs": [],
   "source": [
    "df = pd.read_csv(r'H:\\data analysis\\Kaggle\\Churn Dataset.csv')"
   ]
  },
  {
   "cell_type": "code",
   "execution_count": 3,
   "id": "9c993d53",
   "metadata": {},
   "outputs": [
    {
     "data": {
      "text/html": [
       "<div>\n",
       "<style scoped>\n",
       "    .dataframe tbody tr th:only-of-type {\n",
       "        vertical-align: middle;\n",
       "    }\n",
       "\n",
       "    .dataframe tbody tr th {\n",
       "        vertical-align: top;\n",
       "    }\n",
       "\n",
       "    .dataframe thead th {\n",
       "        text-align: right;\n",
       "    }\n",
       "</style>\n",
       "<table border=\"1\" class=\"dataframe\">\n",
       "  <thead>\n",
       "    <tr style=\"text-align: right;\">\n",
       "      <th></th>\n",
       "      <th>Churn</th>\n",
       "      <th>AccountWeeks</th>\n",
       "      <th>ContractRenewal</th>\n",
       "      <th>DataPlan</th>\n",
       "      <th>DataUsage</th>\n",
       "      <th>CustServCalls</th>\n",
       "      <th>DayMins</th>\n",
       "      <th>DayCalls</th>\n",
       "      <th>MonthlyCharge</th>\n",
       "      <th>OverageFee</th>\n",
       "      <th>RoamMins</th>\n",
       "    </tr>\n",
       "  </thead>\n",
       "  <tbody>\n",
       "    <tr>\n",
       "      <th>0</th>\n",
       "      <td>0</td>\n",
       "      <td>128</td>\n",
       "      <td>1</td>\n",
       "      <td>1</td>\n",
       "      <td>2.7</td>\n",
       "      <td>1</td>\n",
       "      <td>265.1</td>\n",
       "      <td>110</td>\n",
       "      <td>89.0</td>\n",
       "      <td>9.87</td>\n",
       "      <td>10.0</td>\n",
       "    </tr>\n",
       "    <tr>\n",
       "      <th>1</th>\n",
       "      <td>0</td>\n",
       "      <td>107</td>\n",
       "      <td>1</td>\n",
       "      <td>1</td>\n",
       "      <td>3.7</td>\n",
       "      <td>1</td>\n",
       "      <td>161.6</td>\n",
       "      <td>123</td>\n",
       "      <td>82.0</td>\n",
       "      <td>9.78</td>\n",
       "      <td>13.7</td>\n",
       "    </tr>\n",
       "    <tr>\n",
       "      <th>2</th>\n",
       "      <td>0</td>\n",
       "      <td>137</td>\n",
       "      <td>1</td>\n",
       "      <td>0</td>\n",
       "      <td>0.0</td>\n",
       "      <td>0</td>\n",
       "      <td>243.4</td>\n",
       "      <td>114</td>\n",
       "      <td>52.0</td>\n",
       "      <td>6.06</td>\n",
       "      <td>12.2</td>\n",
       "    </tr>\n",
       "    <tr>\n",
       "      <th>3</th>\n",
       "      <td>0</td>\n",
       "      <td>84</td>\n",
       "      <td>0</td>\n",
       "      <td>0</td>\n",
       "      <td>0.0</td>\n",
       "      <td>2</td>\n",
       "      <td>299.4</td>\n",
       "      <td>71</td>\n",
       "      <td>57.0</td>\n",
       "      <td>3.10</td>\n",
       "      <td>6.6</td>\n",
       "    </tr>\n",
       "    <tr>\n",
       "      <th>4</th>\n",
       "      <td>0</td>\n",
       "      <td>75</td>\n",
       "      <td>0</td>\n",
       "      <td>0</td>\n",
       "      <td>0.0</td>\n",
       "      <td>3</td>\n",
       "      <td>166.7</td>\n",
       "      <td>113</td>\n",
       "      <td>41.0</td>\n",
       "      <td>7.42</td>\n",
       "      <td>10.1</td>\n",
       "    </tr>\n",
       "  </tbody>\n",
       "</table>\n",
       "</div>"
      ],
      "text/plain": [
       "   Churn  AccountWeeks  ContractRenewal  DataPlan  DataUsage  CustServCalls  \\\n",
       "0      0           128                1         1        2.7              1   \n",
       "1      0           107                1         1        3.7              1   \n",
       "2      0           137                1         0        0.0              0   \n",
       "3      0            84                0         0        0.0              2   \n",
       "4      0            75                0         0        0.0              3   \n",
       "\n",
       "   DayMins  DayCalls  MonthlyCharge  OverageFee  RoamMins  \n",
       "0    265.1       110           89.0        9.87      10.0  \n",
       "1    161.6       123           82.0        9.78      13.7  \n",
       "2    243.4       114           52.0        6.06      12.2  \n",
       "3    299.4        71           57.0        3.10       6.6  \n",
       "4    166.7       113           41.0        7.42      10.1  "
      ]
     },
     "execution_count": 3,
     "metadata": {},
     "output_type": "execute_result"
    }
   ],
   "source": [
    "df.head(5)"
   ]
  },
  {
   "cell_type": "code",
   "execution_count": 4,
   "id": "0cbbdc0b",
   "metadata": {},
   "outputs": [
    {
     "data": {
      "text/plain": [
       "0    2850\n",
       "1     483\n",
       "Name: Churn, dtype: int64"
      ]
     },
     "execution_count": 4,
     "metadata": {},
     "output_type": "execute_result"
    }
   ],
   "source": [
    "df.Churn.value_counts()"
   ]
  },
  {
   "cell_type": "code",
   "execution_count": 5,
   "id": "e2a5ad61",
   "metadata": {},
   "outputs": [
    {
     "data": {
      "text/plain": [
       "0.1694736842105263"
      ]
     },
     "execution_count": 5,
     "metadata": {},
     "output_type": "execute_result"
    }
   ],
   "source": [
    "483/2850"
   ]
  },
  {
   "cell_type": "markdown",
   "id": "593da8db",
   "metadata": {},
   "source": [
    "#### highly imbalanced data"
   ]
  },
  {
   "cell_type": "markdown",
   "id": "ac26ea17",
   "metadata": {},
   "source": [
    "### performing EDA"
   ]
  },
  {
   "cell_type": "code",
   "execution_count": 6,
   "id": "5b0224c5",
   "metadata": {},
   "outputs": [
    {
     "data": {
      "text/html": [
       "<div>\n",
       "<style scoped>\n",
       "    .dataframe tbody tr th:only-of-type {\n",
       "        vertical-align: middle;\n",
       "    }\n",
       "\n",
       "    .dataframe tbody tr th {\n",
       "        vertical-align: top;\n",
       "    }\n",
       "\n",
       "    .dataframe thead th {\n",
       "        text-align: right;\n",
       "    }\n",
       "</style>\n",
       "<table border=\"1\" class=\"dataframe\">\n",
       "  <thead>\n",
       "    <tr style=\"text-align: right;\">\n",
       "      <th></th>\n",
       "      <th>Churn</th>\n",
       "      <th>AccountWeeks</th>\n",
       "      <th>ContractRenewal</th>\n",
       "      <th>DataPlan</th>\n",
       "      <th>DataUsage</th>\n",
       "      <th>CustServCalls</th>\n",
       "      <th>DayMins</th>\n",
       "      <th>DayCalls</th>\n",
       "      <th>MonthlyCharge</th>\n",
       "      <th>OverageFee</th>\n",
       "      <th>RoamMins</th>\n",
       "    </tr>\n",
       "  </thead>\n",
       "  <tbody>\n",
       "    <tr>\n",
       "      <th>count</th>\n",
       "      <td>3333.000000</td>\n",
       "      <td>3333.000000</td>\n",
       "      <td>3333.000000</td>\n",
       "      <td>3333.000000</td>\n",
       "      <td>3333.000000</td>\n",
       "      <td>3333.000000</td>\n",
       "      <td>3333.000000</td>\n",
       "      <td>3333.000000</td>\n",
       "      <td>3333.000000</td>\n",
       "      <td>3333.000000</td>\n",
       "      <td>3333.000000</td>\n",
       "    </tr>\n",
       "    <tr>\n",
       "      <th>mean</th>\n",
       "      <td>0.144914</td>\n",
       "      <td>101.064806</td>\n",
       "      <td>0.903090</td>\n",
       "      <td>0.276628</td>\n",
       "      <td>0.816475</td>\n",
       "      <td>1.562856</td>\n",
       "      <td>179.775098</td>\n",
       "      <td>100.435644</td>\n",
       "      <td>56.305161</td>\n",
       "      <td>10.051488</td>\n",
       "      <td>10.237294</td>\n",
       "    </tr>\n",
       "    <tr>\n",
       "      <th>std</th>\n",
       "      <td>0.352067</td>\n",
       "      <td>39.822106</td>\n",
       "      <td>0.295879</td>\n",
       "      <td>0.447398</td>\n",
       "      <td>1.272668</td>\n",
       "      <td>1.315491</td>\n",
       "      <td>54.467389</td>\n",
       "      <td>20.069084</td>\n",
       "      <td>16.426032</td>\n",
       "      <td>2.535712</td>\n",
       "      <td>2.791840</td>\n",
       "    </tr>\n",
       "    <tr>\n",
       "      <th>min</th>\n",
       "      <td>0.000000</td>\n",
       "      <td>1.000000</td>\n",
       "      <td>0.000000</td>\n",
       "      <td>0.000000</td>\n",
       "      <td>0.000000</td>\n",
       "      <td>0.000000</td>\n",
       "      <td>0.000000</td>\n",
       "      <td>0.000000</td>\n",
       "      <td>14.000000</td>\n",
       "      <td>0.000000</td>\n",
       "      <td>0.000000</td>\n",
       "    </tr>\n",
       "    <tr>\n",
       "      <th>25%</th>\n",
       "      <td>0.000000</td>\n",
       "      <td>74.000000</td>\n",
       "      <td>1.000000</td>\n",
       "      <td>0.000000</td>\n",
       "      <td>0.000000</td>\n",
       "      <td>1.000000</td>\n",
       "      <td>143.700000</td>\n",
       "      <td>87.000000</td>\n",
       "      <td>45.000000</td>\n",
       "      <td>8.330000</td>\n",
       "      <td>8.500000</td>\n",
       "    </tr>\n",
       "    <tr>\n",
       "      <th>50%</th>\n",
       "      <td>0.000000</td>\n",
       "      <td>101.000000</td>\n",
       "      <td>1.000000</td>\n",
       "      <td>0.000000</td>\n",
       "      <td>0.000000</td>\n",
       "      <td>1.000000</td>\n",
       "      <td>179.400000</td>\n",
       "      <td>101.000000</td>\n",
       "      <td>53.500000</td>\n",
       "      <td>10.070000</td>\n",
       "      <td>10.300000</td>\n",
       "    </tr>\n",
       "    <tr>\n",
       "      <th>75%</th>\n",
       "      <td>0.000000</td>\n",
       "      <td>127.000000</td>\n",
       "      <td>1.000000</td>\n",
       "      <td>1.000000</td>\n",
       "      <td>1.780000</td>\n",
       "      <td>2.000000</td>\n",
       "      <td>216.400000</td>\n",
       "      <td>114.000000</td>\n",
       "      <td>66.200000</td>\n",
       "      <td>11.770000</td>\n",
       "      <td>12.100000</td>\n",
       "    </tr>\n",
       "    <tr>\n",
       "      <th>max</th>\n",
       "      <td>1.000000</td>\n",
       "      <td>243.000000</td>\n",
       "      <td>1.000000</td>\n",
       "      <td>1.000000</td>\n",
       "      <td>5.400000</td>\n",
       "      <td>9.000000</td>\n",
       "      <td>350.800000</td>\n",
       "      <td>165.000000</td>\n",
       "      <td>111.300000</td>\n",
       "      <td>18.190000</td>\n",
       "      <td>20.000000</td>\n",
       "    </tr>\n",
       "  </tbody>\n",
       "</table>\n",
       "</div>"
      ],
      "text/plain": [
       "             Churn  AccountWeeks  ContractRenewal     DataPlan    DataUsage  \\\n",
       "count  3333.000000   3333.000000      3333.000000  3333.000000  3333.000000   \n",
       "mean      0.144914    101.064806         0.903090     0.276628     0.816475   \n",
       "std       0.352067     39.822106         0.295879     0.447398     1.272668   \n",
       "min       0.000000      1.000000         0.000000     0.000000     0.000000   \n",
       "25%       0.000000     74.000000         1.000000     0.000000     0.000000   \n",
       "50%       0.000000    101.000000         1.000000     0.000000     0.000000   \n",
       "75%       0.000000    127.000000         1.000000     1.000000     1.780000   \n",
       "max       1.000000    243.000000         1.000000     1.000000     5.400000   \n",
       "\n",
       "       CustServCalls      DayMins     DayCalls  MonthlyCharge   OverageFee  \\\n",
       "count    3333.000000  3333.000000  3333.000000    3333.000000  3333.000000   \n",
       "mean        1.562856   179.775098   100.435644      56.305161    10.051488   \n",
       "std         1.315491    54.467389    20.069084      16.426032     2.535712   \n",
       "min         0.000000     0.000000     0.000000      14.000000     0.000000   \n",
       "25%         1.000000   143.700000    87.000000      45.000000     8.330000   \n",
       "50%         1.000000   179.400000   101.000000      53.500000    10.070000   \n",
       "75%         2.000000   216.400000   114.000000      66.200000    11.770000   \n",
       "max         9.000000   350.800000   165.000000     111.300000    18.190000   \n",
       "\n",
       "          RoamMins  \n",
       "count  3333.000000  \n",
       "mean     10.237294  \n",
       "std       2.791840  \n",
       "min       0.000000  \n",
       "25%       8.500000  \n",
       "50%      10.300000  \n",
       "75%      12.100000  \n",
       "max      20.000000  "
      ]
     },
     "execution_count": 6,
     "metadata": {},
     "output_type": "execute_result"
    }
   ],
   "source": [
    "df.describe()"
   ]
  },
  {
   "cell_type": "code",
   "execution_count": 7,
   "id": "0a0c6f17",
   "metadata": {},
   "outputs": [
    {
     "name": "stdout",
     "output_type": "stream",
     "text": [
      "<class 'pandas.core.frame.DataFrame'>\n",
      "RangeIndex: 3333 entries, 0 to 3332\n",
      "Data columns (total 11 columns):\n",
      " #   Column           Non-Null Count  Dtype  \n",
      "---  ------           --------------  -----  \n",
      " 0   Churn            3333 non-null   int64  \n",
      " 1   AccountWeeks     3333 non-null   int64  \n",
      " 2   ContractRenewal  3333 non-null   int64  \n",
      " 3   DataPlan         3333 non-null   int64  \n",
      " 4   DataUsage        3333 non-null   float64\n",
      " 5   CustServCalls    3333 non-null   int64  \n",
      " 6   DayMins          3333 non-null   float64\n",
      " 7   DayCalls         3333 non-null   int64  \n",
      " 8   MonthlyCharge    3333 non-null   float64\n",
      " 9   OverageFee       3333 non-null   float64\n",
      " 10  RoamMins         3333 non-null   float64\n",
      "dtypes: float64(5), int64(6)\n",
      "memory usage: 286.6 KB\n"
     ]
    }
   ],
   "source": [
    "df.info()"
   ]
  },
  {
   "cell_type": "markdown",
   "id": "a14ce181",
   "metadata": {},
   "source": [
    "### all values are numerical but they will need to be normalised"
   ]
  },
  {
   "cell_type": "code",
   "execution_count": 8,
   "id": "fa574250",
   "metadata": {},
   "outputs": [
    {
     "data": {
      "text/plain": [
       "(3333, 11)"
      ]
     },
     "execution_count": 8,
     "metadata": {},
     "output_type": "execute_result"
    }
   ],
   "source": [
    "df.shape"
   ]
  },
  {
   "cell_type": "code",
   "execution_count": 9,
   "id": "a0025ee8",
   "metadata": {},
   "outputs": [
    {
     "data": {
      "text/plain": [
       "Churn              0\n",
       "AccountWeeks       0\n",
       "ContractRenewal    0\n",
       "DataPlan           0\n",
       "DataUsage          0\n",
       "CustServCalls      0\n",
       "DayMins            0\n",
       "DayCalls           0\n",
       "MonthlyCharge      0\n",
       "OverageFee         0\n",
       "RoamMins           0\n",
       "dtype: int64"
      ]
     },
     "execution_count": 9,
     "metadata": {},
     "output_type": "execute_result"
    }
   ],
   "source": [
    "df.isnull().sum()"
   ]
  },
  {
   "cell_type": "code",
   "execution_count": 10,
   "id": "06987065",
   "metadata": {},
   "outputs": [
    {
     "data": {
      "text/html": [
       "<div>\n",
       "<style scoped>\n",
       "    .dataframe tbody tr th:only-of-type {\n",
       "        vertical-align: middle;\n",
       "    }\n",
       "\n",
       "    .dataframe tbody tr th {\n",
       "        vertical-align: top;\n",
       "    }\n",
       "\n",
       "    .dataframe thead th {\n",
       "        text-align: right;\n",
       "    }\n",
       "</style>\n",
       "<table border=\"1\" class=\"dataframe\">\n",
       "  <thead>\n",
       "    <tr style=\"text-align: right;\">\n",
       "      <th></th>\n",
       "      <th>Churn</th>\n",
       "      <th>AccountWeeks</th>\n",
       "      <th>ContractRenewal</th>\n",
       "      <th>DataPlan</th>\n",
       "      <th>DataUsage</th>\n",
       "      <th>CustServCalls</th>\n",
       "      <th>DayMins</th>\n",
       "      <th>DayCalls</th>\n",
       "      <th>MonthlyCharge</th>\n",
       "      <th>OverageFee</th>\n",
       "      <th>RoamMins</th>\n",
       "    </tr>\n",
       "  </thead>\n",
       "  <tbody>\n",
       "    <tr>\n",
       "      <th>Churn</th>\n",
       "      <td>1.000000</td>\n",
       "      <td>0.016541</td>\n",
       "      <td>-0.259852</td>\n",
       "      <td>-0.102148</td>\n",
       "      <td>-0.087195</td>\n",
       "      <td>0.208750</td>\n",
       "      <td>0.205151</td>\n",
       "      <td>0.018459</td>\n",
       "      <td>0.072313</td>\n",
       "      <td>0.092812</td>\n",
       "      <td>0.068239</td>\n",
       "    </tr>\n",
       "    <tr>\n",
       "      <th>AccountWeeks</th>\n",
       "      <td>0.016541</td>\n",
       "      <td>1.000000</td>\n",
       "      <td>-0.024735</td>\n",
       "      <td>0.002918</td>\n",
       "      <td>0.014391</td>\n",
       "      <td>-0.003796</td>\n",
       "      <td>0.006216</td>\n",
       "      <td>0.038470</td>\n",
       "      <td>0.012581</td>\n",
       "      <td>-0.006749</td>\n",
       "      <td>0.009514</td>\n",
       "    </tr>\n",
       "    <tr>\n",
       "      <th>ContractRenewal</th>\n",
       "      <td>-0.259852</td>\n",
       "      <td>-0.024735</td>\n",
       "      <td>1.000000</td>\n",
       "      <td>-0.006006</td>\n",
       "      <td>-0.019223</td>\n",
       "      <td>0.024522</td>\n",
       "      <td>-0.049396</td>\n",
       "      <td>-0.003755</td>\n",
       "      <td>-0.047291</td>\n",
       "      <td>-0.019105</td>\n",
       "      <td>-0.045871</td>\n",
       "    </tr>\n",
       "    <tr>\n",
       "      <th>DataPlan</th>\n",
       "      <td>-0.102148</td>\n",
       "      <td>0.002918</td>\n",
       "      <td>-0.006006</td>\n",
       "      <td>1.000000</td>\n",
       "      <td>0.945982</td>\n",
       "      <td>-0.017824</td>\n",
       "      <td>-0.001684</td>\n",
       "      <td>-0.011086</td>\n",
       "      <td>0.737490</td>\n",
       "      <td>0.021526</td>\n",
       "      <td>-0.001318</td>\n",
       "    </tr>\n",
       "    <tr>\n",
       "      <th>DataUsage</th>\n",
       "      <td>-0.087195</td>\n",
       "      <td>0.014391</td>\n",
       "      <td>-0.019223</td>\n",
       "      <td>0.945982</td>\n",
       "      <td>1.000000</td>\n",
       "      <td>-0.021723</td>\n",
       "      <td>0.003176</td>\n",
       "      <td>-0.007962</td>\n",
       "      <td>0.781660</td>\n",
       "      <td>0.019637</td>\n",
       "      <td>0.162746</td>\n",
       "    </tr>\n",
       "    <tr>\n",
       "      <th>CustServCalls</th>\n",
       "      <td>0.208750</td>\n",
       "      <td>-0.003796</td>\n",
       "      <td>0.024522</td>\n",
       "      <td>-0.017824</td>\n",
       "      <td>-0.021723</td>\n",
       "      <td>1.000000</td>\n",
       "      <td>-0.013423</td>\n",
       "      <td>-0.018942</td>\n",
       "      <td>-0.028017</td>\n",
       "      <td>-0.012964</td>\n",
       "      <td>-0.009640</td>\n",
       "    </tr>\n",
       "    <tr>\n",
       "      <th>DayMins</th>\n",
       "      <td>0.205151</td>\n",
       "      <td>0.006216</td>\n",
       "      <td>-0.049396</td>\n",
       "      <td>-0.001684</td>\n",
       "      <td>0.003176</td>\n",
       "      <td>-0.013423</td>\n",
       "      <td>1.000000</td>\n",
       "      <td>0.006750</td>\n",
       "      <td>0.567968</td>\n",
       "      <td>0.007038</td>\n",
       "      <td>-0.010155</td>\n",
       "    </tr>\n",
       "    <tr>\n",
       "      <th>DayCalls</th>\n",
       "      <td>0.018459</td>\n",
       "      <td>0.038470</td>\n",
       "      <td>-0.003755</td>\n",
       "      <td>-0.011086</td>\n",
       "      <td>-0.007962</td>\n",
       "      <td>-0.018942</td>\n",
       "      <td>0.006750</td>\n",
       "      <td>1.000000</td>\n",
       "      <td>-0.007963</td>\n",
       "      <td>-0.021449</td>\n",
       "      <td>0.021565</td>\n",
       "    </tr>\n",
       "    <tr>\n",
       "      <th>MonthlyCharge</th>\n",
       "      <td>0.072313</td>\n",
       "      <td>0.012581</td>\n",
       "      <td>-0.047291</td>\n",
       "      <td>0.737490</td>\n",
       "      <td>0.781660</td>\n",
       "      <td>-0.028017</td>\n",
       "      <td>0.567968</td>\n",
       "      <td>-0.007963</td>\n",
       "      <td>1.000000</td>\n",
       "      <td>0.281766</td>\n",
       "      <td>0.117433</td>\n",
       "    </tr>\n",
       "    <tr>\n",
       "      <th>OverageFee</th>\n",
       "      <td>0.092812</td>\n",
       "      <td>-0.006749</td>\n",
       "      <td>-0.019105</td>\n",
       "      <td>0.021526</td>\n",
       "      <td>0.019637</td>\n",
       "      <td>-0.012964</td>\n",
       "      <td>0.007038</td>\n",
       "      <td>-0.021449</td>\n",
       "      <td>0.281766</td>\n",
       "      <td>1.000000</td>\n",
       "      <td>-0.011023</td>\n",
       "    </tr>\n",
       "    <tr>\n",
       "      <th>RoamMins</th>\n",
       "      <td>0.068239</td>\n",
       "      <td>0.009514</td>\n",
       "      <td>-0.045871</td>\n",
       "      <td>-0.001318</td>\n",
       "      <td>0.162746</td>\n",
       "      <td>-0.009640</td>\n",
       "      <td>-0.010155</td>\n",
       "      <td>0.021565</td>\n",
       "      <td>0.117433</td>\n",
       "      <td>-0.011023</td>\n",
       "      <td>1.000000</td>\n",
       "    </tr>\n",
       "  </tbody>\n",
       "</table>\n",
       "</div>"
      ],
      "text/plain": [
       "                    Churn  AccountWeeks  ContractRenewal  DataPlan  DataUsage  \\\n",
       "Churn            1.000000      0.016541        -0.259852 -0.102148  -0.087195   \n",
       "AccountWeeks     0.016541      1.000000        -0.024735  0.002918   0.014391   \n",
       "ContractRenewal -0.259852     -0.024735         1.000000 -0.006006  -0.019223   \n",
       "DataPlan        -0.102148      0.002918        -0.006006  1.000000   0.945982   \n",
       "DataUsage       -0.087195      0.014391        -0.019223  0.945982   1.000000   \n",
       "CustServCalls    0.208750     -0.003796         0.024522 -0.017824  -0.021723   \n",
       "DayMins          0.205151      0.006216        -0.049396 -0.001684   0.003176   \n",
       "DayCalls         0.018459      0.038470        -0.003755 -0.011086  -0.007962   \n",
       "MonthlyCharge    0.072313      0.012581        -0.047291  0.737490   0.781660   \n",
       "OverageFee       0.092812     -0.006749        -0.019105  0.021526   0.019637   \n",
       "RoamMins         0.068239      0.009514        -0.045871 -0.001318   0.162746   \n",
       "\n",
       "                 CustServCalls   DayMins  DayCalls  MonthlyCharge  OverageFee  \\\n",
       "Churn                 0.208750  0.205151  0.018459       0.072313    0.092812   \n",
       "AccountWeeks         -0.003796  0.006216  0.038470       0.012581   -0.006749   \n",
       "ContractRenewal       0.024522 -0.049396 -0.003755      -0.047291   -0.019105   \n",
       "DataPlan             -0.017824 -0.001684 -0.011086       0.737490    0.021526   \n",
       "DataUsage            -0.021723  0.003176 -0.007962       0.781660    0.019637   \n",
       "CustServCalls         1.000000 -0.013423 -0.018942      -0.028017   -0.012964   \n",
       "DayMins              -0.013423  1.000000  0.006750       0.567968    0.007038   \n",
       "DayCalls             -0.018942  0.006750  1.000000      -0.007963   -0.021449   \n",
       "MonthlyCharge        -0.028017  0.567968 -0.007963       1.000000    0.281766   \n",
       "OverageFee           -0.012964  0.007038 -0.021449       0.281766    1.000000   \n",
       "RoamMins             -0.009640 -0.010155  0.021565       0.117433   -0.011023   \n",
       "\n",
       "                 RoamMins  \n",
       "Churn            0.068239  \n",
       "AccountWeeks     0.009514  \n",
       "ContractRenewal -0.045871  \n",
       "DataPlan        -0.001318  \n",
       "DataUsage        0.162746  \n",
       "CustServCalls   -0.009640  \n",
       "DayMins         -0.010155  \n",
       "DayCalls         0.021565  \n",
       "MonthlyCharge    0.117433  \n",
       "OverageFee      -0.011023  \n",
       "RoamMins         1.000000  "
      ]
     },
     "execution_count": 10,
     "metadata": {},
     "output_type": "execute_result"
    }
   ],
   "source": [
    "df.corr()"
   ]
  },
  {
   "cell_type": "code",
   "execution_count": 11,
   "id": "cc0839f8",
   "metadata": {},
   "outputs": [
    {
     "data": {
      "text/html": [
       "<div>\n",
       "<style scoped>\n",
       "    .dataframe tbody tr th:only-of-type {\n",
       "        vertical-align: middle;\n",
       "    }\n",
       "\n",
       "    .dataframe tbody tr th {\n",
       "        vertical-align: top;\n",
       "    }\n",
       "\n",
       "    .dataframe thead th {\n",
       "        text-align: right;\n",
       "    }\n",
       "</style>\n",
       "<table border=\"1\" class=\"dataframe\">\n",
       "  <thead>\n",
       "    <tr style=\"text-align: right;\">\n",
       "      <th></th>\n",
       "      <th>Churn</th>\n",
       "      <th>AccountWeeks</th>\n",
       "      <th>ContractRenewal</th>\n",
       "      <th>DataPlan</th>\n",
       "      <th>DataUsage</th>\n",
       "      <th>CustServCalls</th>\n",
       "      <th>DayMins</th>\n",
       "      <th>DayCalls</th>\n",
       "      <th>MonthlyCharge</th>\n",
       "      <th>OverageFee</th>\n",
       "      <th>RoamMins</th>\n",
       "    </tr>\n",
       "  </thead>\n",
       "  <tbody>\n",
       "    <tr>\n",
       "      <th>Churn</th>\n",
       "      <td>0.123951</td>\n",
       "      <td>0.231902</td>\n",
       "      <td>-0.027069</td>\n",
       "      <td>-0.016090</td>\n",
       "      <td>-0.039069</td>\n",
       "      <td>0.096681</td>\n",
       "      <td>3.934012</td>\n",
       "      <td>0.130427</td>\n",
       "      <td>0.418190</td>\n",
       "      <td>0.082858</td>\n",
       "      <td>0.067073</td>\n",
       "    </tr>\n",
       "    <tr>\n",
       "      <th>AccountWeeks</th>\n",
       "      <td>0.231902</td>\n",
       "      <td>1585.800121</td>\n",
       "      <td>-0.291437</td>\n",
       "      <td>0.051995</td>\n",
       "      <td>0.729328</td>\n",
       "      <td>-0.198853</td>\n",
       "      <td>13.482587</td>\n",
       "      <td>30.744868</td>\n",
       "      <td>8.229257</td>\n",
       "      <td>-0.681543</td>\n",
       "      <td>1.057726</td>\n",
       "    </tr>\n",
       "    <tr>\n",
       "      <th>ContractRenewal</th>\n",
       "      <td>-0.027069</td>\n",
       "      <td>-0.291437</td>\n",
       "      <td>0.087544</td>\n",
       "      <td>-0.000795</td>\n",
       "      <td>-0.007239</td>\n",
       "      <td>0.009545</td>\n",
       "      <td>-0.796051</td>\n",
       "      <td>-0.022295</td>\n",
       "      <td>-0.229842</td>\n",
       "      <td>-0.014334</td>\n",
       "      <td>-0.037891</td>\n",
       "    </tr>\n",
       "    <tr>\n",
       "      <th>DataPlan</th>\n",
       "      <td>-0.016090</td>\n",
       "      <td>0.051995</td>\n",
       "      <td>-0.000795</td>\n",
       "      <td>0.200165</td>\n",
       "      <td>0.538632</td>\n",
       "      <td>-0.010490</td>\n",
       "      <td>-0.041038</td>\n",
       "      <td>-0.099539</td>\n",
       "      <td>5.419791</td>\n",
       "      <td>0.024420</td>\n",
       "      <td>-0.001646</td>\n",
       "    </tr>\n",
       "    <tr>\n",
       "      <th>DataUsage</th>\n",
       "      <td>-0.039069</td>\n",
       "      <td>0.729328</td>\n",
       "      <td>-0.007239</td>\n",
       "      <td>0.538632</td>\n",
       "      <td>1.619684</td>\n",
       "      <td>-0.036367</td>\n",
       "      <td>0.220153</td>\n",
       "      <td>-0.203362</td>\n",
       "      <td>16.340522</td>\n",
       "      <td>0.063372</td>\n",
       "      <td>0.578249</td>\n",
       "    </tr>\n",
       "    <tr>\n",
       "      <th>CustServCalls</th>\n",
       "      <td>0.096681</td>\n",
       "      <td>-0.198853</td>\n",
       "      <td>0.009545</td>\n",
       "      <td>-0.010490</td>\n",
       "      <td>-0.036367</td>\n",
       "      <td>1.730517</td>\n",
       "      <td>-0.961790</td>\n",
       "      <td>-0.500080</td>\n",
       "      <td>-0.605396</td>\n",
       "      <td>-0.043245</td>\n",
       "      <td>-0.035403</td>\n",
       "    </tr>\n",
       "    <tr>\n",
       "      <th>DayMins</th>\n",
       "      <td>3.934012</td>\n",
       "      <td>13.482587</td>\n",
       "      <td>-0.796051</td>\n",
       "      <td>-0.041038</td>\n",
       "      <td>0.220153</td>\n",
       "      <td>-0.961790</td>\n",
       "      <td>2966.696487</td>\n",
       "      <td>7.378949</td>\n",
       "      <td>508.151281</td>\n",
       "      <td>0.972073</td>\n",
       "      <td>-1.544149</td>\n",
       "    </tr>\n",
       "    <tr>\n",
       "      <th>DayCalls</th>\n",
       "      <td>0.130427</td>\n",
       "      <td>30.744868</td>\n",
       "      <td>-0.022295</td>\n",
       "      <td>-0.099539</td>\n",
       "      <td>-0.203362</td>\n",
       "      <td>-0.500080</td>\n",
       "      <td>7.378949</td>\n",
       "      <td>402.768141</td>\n",
       "      <td>-2.625118</td>\n",
       "      <td>-1.091507</td>\n",
       "      <td>1.208268</td>\n",
       "    </tr>\n",
       "    <tr>\n",
       "      <th>MonthlyCharge</th>\n",
       "      <td>0.418190</td>\n",
       "      <td>8.229257</td>\n",
       "      <td>-0.229842</td>\n",
       "      <td>5.419791</td>\n",
       "      <td>16.340522</td>\n",
       "      <td>-0.605396</td>\n",
       "      <td>508.151281</td>\n",
       "      <td>-2.625118</td>\n",
       "      <td>269.814517</td>\n",
       "      <td>11.736030</td>\n",
       "      <td>5.385324</td>\n",
       "    </tr>\n",
       "    <tr>\n",
       "      <th>OverageFee</th>\n",
       "      <td>0.082858</td>\n",
       "      <td>-0.681543</td>\n",
       "      <td>-0.014334</td>\n",
       "      <td>0.024420</td>\n",
       "      <td>0.063372</td>\n",
       "      <td>-0.043245</td>\n",
       "      <td>0.972073</td>\n",
       "      <td>-1.091507</td>\n",
       "      <td>11.736030</td>\n",
       "      <td>6.429835</td>\n",
       "      <td>-0.078038</td>\n",
       "    </tr>\n",
       "    <tr>\n",
       "      <th>RoamMins</th>\n",
       "      <td>0.067073</td>\n",
       "      <td>1.057726</td>\n",
       "      <td>-0.037891</td>\n",
       "      <td>-0.001646</td>\n",
       "      <td>0.578249</td>\n",
       "      <td>-0.035403</td>\n",
       "      <td>-1.544149</td>\n",
       "      <td>1.208268</td>\n",
       "      <td>5.385324</td>\n",
       "      <td>-0.078038</td>\n",
       "      <td>7.794368</td>\n",
       "    </tr>\n",
       "  </tbody>\n",
       "</table>\n",
       "</div>"
      ],
      "text/plain": [
       "                    Churn  AccountWeeks  ContractRenewal  DataPlan  DataUsage  \\\n",
       "Churn            0.123951      0.231902        -0.027069 -0.016090  -0.039069   \n",
       "AccountWeeks     0.231902   1585.800121        -0.291437  0.051995   0.729328   \n",
       "ContractRenewal -0.027069     -0.291437         0.087544 -0.000795  -0.007239   \n",
       "DataPlan        -0.016090      0.051995        -0.000795  0.200165   0.538632   \n",
       "DataUsage       -0.039069      0.729328        -0.007239  0.538632   1.619684   \n",
       "CustServCalls    0.096681     -0.198853         0.009545 -0.010490  -0.036367   \n",
       "DayMins          3.934012     13.482587        -0.796051 -0.041038   0.220153   \n",
       "DayCalls         0.130427     30.744868        -0.022295 -0.099539  -0.203362   \n",
       "MonthlyCharge    0.418190      8.229257        -0.229842  5.419791  16.340522   \n",
       "OverageFee       0.082858     -0.681543        -0.014334  0.024420   0.063372   \n",
       "RoamMins         0.067073      1.057726        -0.037891 -0.001646   0.578249   \n",
       "\n",
       "                 CustServCalls      DayMins    DayCalls  MonthlyCharge  \\\n",
       "Churn                 0.096681     3.934012    0.130427       0.418190   \n",
       "AccountWeeks         -0.198853    13.482587   30.744868       8.229257   \n",
       "ContractRenewal       0.009545    -0.796051   -0.022295      -0.229842   \n",
       "DataPlan             -0.010490    -0.041038   -0.099539       5.419791   \n",
       "DataUsage            -0.036367     0.220153   -0.203362      16.340522   \n",
       "CustServCalls         1.730517    -0.961790   -0.500080      -0.605396   \n",
       "DayMins              -0.961790  2966.696487    7.378949     508.151281   \n",
       "DayCalls             -0.500080     7.378949  402.768141      -2.625118   \n",
       "MonthlyCharge        -0.605396   508.151281   -2.625118     269.814517   \n",
       "OverageFee           -0.043245     0.972073   -1.091507      11.736030   \n",
       "RoamMins             -0.035403    -1.544149    1.208268       5.385324   \n",
       "\n",
       "                 OverageFee  RoamMins  \n",
       "Churn              0.082858  0.067073  \n",
       "AccountWeeks      -0.681543  1.057726  \n",
       "ContractRenewal   -0.014334 -0.037891  \n",
       "DataPlan           0.024420 -0.001646  \n",
       "DataUsage          0.063372  0.578249  \n",
       "CustServCalls     -0.043245 -0.035403  \n",
       "DayMins            0.972073 -1.544149  \n",
       "DayCalls          -1.091507  1.208268  \n",
       "MonthlyCharge     11.736030  5.385324  \n",
       "OverageFee         6.429835 -0.078038  \n",
       "RoamMins          -0.078038  7.794368  "
      ]
     },
     "execution_count": 11,
     "metadata": {},
     "output_type": "execute_result"
    }
   ],
   "source": [
    "df.cov()"
   ]
  },
  {
   "cell_type": "code",
   "execution_count": 12,
   "id": "5f4ed5b4",
   "metadata": {},
   "outputs": [
    {
     "data": {
      "text/plain": [
       "<AxesSubplot: >"
      ]
     },
     "execution_count": 12,
     "metadata": {},
     "output_type": "execute_result"
    },
    {
     "data": {
